333333333333333333333333333333333333333333333333333333333333
333333333333332833283328332833283328332833283328332833333333
333333333328242624262426242624262426242624262426242626333333
333328282829292929292929292929292929292929292929292929333333
333326242626343434343434343434343434343434343434343434333333
333326263434343434343434343434343434343434343434343434333333
333326263434343434343434343434343434343434343434343434333333
333326263434343434343434343434343434343434343434343434333333
33332626343434343434343434343434343434343434343434345333333
333333333333333333333333333333333333333333333333333333333333
333333333333333333333333333333333333333333332828282833333333
333333333333333333333333333333333333333333282426242626333333
333328272727272727272727272727272727333333282626292934333333
333326242624262426242624262426242626333333282429343434333333
333326262934293434293434293434293434333326293434343434333333
333326263434343434343434343434343434333326263434343434333333
333326263434343434343434343434343434333324293434343434333333
3333262634343434343434343434343455333326263434343434333333
333326263434343434343434343434343333333326263434343434333333
3333282853353353353353353333333333283433533533333333
333333333333333333333333333333333333333333333333333333333333
333326262626262626333333333333333333333326262626262627333333
333326242624262426333333333333333333333326242624262426333333
333326263434343434343434343434343434262634343434343434333333
333326263434343434343434343434343434262634343434343434333333
333326263434343434343434343434343434242634343434343434333333
3333282755555555555555272855555533333333
333333333333333333333333333333333333333333333333333333333333
333333333333333333333333333333333333333333333333333333333333
333333333333333333333333333333333333333333333333333333333333
