333333333333333333333333333333333333333333333333333333333333
333333333328282833333333282833333333333333333328283333333333
333333333326262628333333262733333333333333333326262633333333
333333282726262629272828272927283333333333333326292728283333
333333292626262626262724272426283333333333333326262027243333
333333262633332727272428262626262633333333262627202726263333
333333262633332827282827292726262733333333272924292729273333
262626262627283333333333333326283333333333333326262633332633
28262627282927285283333282826272833333333332826262628282833
332726333326262626262720272727292633333333272720292626263333
272926272729272927242833332833282627272827262933282426262833
262626262620272027273333333333282626262626262833282726262633
262626333333333328262629262733333328273333262629283333332933
262626333333333334262626262733333328273333262626283333332633
272626262933333333333333333326262629202727333333333328272833
272926262633333333333333332826262627242727333333333328242833
202720272726262626262626262627242720272724272027272027202833
282828282826262626262626262629272629242833283328282427272833
333333333327242626262626262626262626263333333333282824273333
332827333333332727272833333333333333333333333328272727203333
332726333333332427273333333333333333333333333327202724283333
332826262933333333333333282727283333332827272833333333333333
332726262633333333333333272427283333332828272833333333333333
272724262626262629272720272727272733333333333333332727272733
272828292626262620272427272728282833333333333333332827242833
272833282027202727242824272733333333333333333333333328272733
283333333328282724282027202828282828282828282828282833283333
333333333333332727242727272727272727272727272727272733333333
333333333333333333333333333333333333333333333333333333333333
333333333333333333333333333333333333333333333333333333333333
