333333323333333333333333333333333333333232333333333333333333
333333333333333333333333333333333333333333333333333333333333
333333333333333333333333333333333333333333333333333333333333
333333333331181818181818181818181818181818181818181818333333
333333333331181818181818181818181818181818181818181825333333
333318181813201919201919191919191919192019191919201920333333
333318182527202020202020202020202020202020202020202020333333
333318181920201920192019201920192020192019202019202020333333
333318182020202020202020202020202020202020192020192020333333
333318181920201920192019201920202019201920202019202020333333
333333333333333333333333333333333333333333333333333333333333
333333333333333333333333333333333333333333333333333333333333
333333333333333333333333333333333333333333311818181818333333
333333163331331633313316333133163331333333311818131825333333
333318181818181818181818181818181818333333311819202020333333
333318181327251327251327252713252725333331252519201920333333
333318182020202020202020192020201920333318132020202020333333
333318181920192019201920202019202020333318251920192020333333
333318181920202020202020202020192020333318132020202020333333
333318181920192019202020192020203333333318251920192020333333
333325252028202720272027202720203333333318312028202828333333
333333333333333333333333333333333333333333333333333333333333
333331313131313131333333333333333333333331313131313131333333
333318181818181818333333333333333333333318181818181818333333
333318181927192719282828282828282828252527192719271927333333
333318181920202020192019192019192019181820202020202020333333
333318182020192020202020202020202020181819202019202020333333
333318252020202020202020202020202020182520202020202028333333
333333333333333333333333333333333333333333333333333333333333
333333333333333333333333333333333333333333333333333333333333
