333333333333333333333333333333333333333333333333333333333333
333333333333333333333333333333333333333333333333333333333333
333333333333331010101010101010101010101010101010101010103333
3333333333331077777777777777777777263333
333333262626222630262230262230262230262230262230262230103333
333333777303030303030303030303030303030303030303030103333
33333372230303030301030301030301030301030301030301030103333
3333337710303030303030303030303030303030303030303030103333
3333337710303030103010303010303010303010303010303030103333
333333101032323132323110313231323132313231323132313231313333
333333333333333333333333333333333333333333333333333333333333
333333333333333333333333333333333333333333333230303030103333
33333333333333333333333333333333333333333333107777263333
33333326222672622267262226726222622333333107263030103333
33333377777777777777726333333107303030103333
333333771030301030301030301030303010333172630303030103333
3333337223030303030303030303030103010333272230303030103333
333333771030303010301030103030303010333272630301030103333
3333337263030303030303030301030103133333272230303030103333
333333771030103010303010303030303333333272630303030103333
333333333333333333333333333333333333333333333333333333333333
333333333333333333333333333333333333333333333333333333333333
33333377777773333333333333333333331777777263333
3333337777772633333333333333333333107777722263333
33333377101030303030303030303030303077101010101030103333
3333337221030303030303030303030303030726303030303030103333
333333771030303030303010301030103030722303030301030103333
333333323333333333333333333333333333333232333333333333333333
333333333333333333333333333333333333333333333333333333333333
333333333333333333333333333333333333333333333333333333333333
