33429293429342934293429342929000000000000000
22929292929292929292929292934000000000000000
252934292934292934292929342929000000000000000
163429292929292929292929292929000000000000000
162934293429342929292929293429000000000000000
163429292929292934293429292929000000000000000
162934292929342929292929342934000000000000000
163429293429292929342929292929000000000000000
162934292929293429292934292929000000000000000
163429292934292929292929293429000000000000000
162934292929292934292934292929000000000000000
163429292934292929292929292934000000000000000
162934292929293429342934292929000000000000000
163429293429292929292929293429000000000000000
162934292929342929342929292929000000000000000
182929292929292929292934293429000000000000000
182934293429293429342929292929000000000000000
163429292929292929292929292929000000000000000
162934292934293429293429292934000000000000000
162929292929292929292929292929000000000000000
162934292934292934293429342929000000000000000
162929292929292929292929292934000000000000000
33429293429342934292934292929000000000000000
163429292929292929292929292929000000000000000
33429342929342929342929292929000000000000000
163429292929292929292934293429000000000000000
33429293429293429342929292929000000000000000
163429292929292929292929292929000000000000000
163429293429342929342929292934000000000000000
212929292929292929292929292929000000000000000
