000000000000000000000000000000
31285500000000000000000000000000
2292929340000000000000000000000000
163429293434000000000000000000000000
162934292929000000000000000000000000
16342929292934290000000000000000000000
16292929292929340000000000000000000000
163429726292929293400000000000000000000
162929726242929292900000000000000000000
1634297772429342900000000000000000000
16292977726292934340000000000000000000
163429777242929292934000000000000000000
162929292477729292934000000000000000000
163429292677726292934000000000000000000
16293429342924726342934000000000000000000
16292929293424726292934000000000000000000
22934292929247292929342950000000000000000
25342929342926262424342929340000000000000000
163429292929292926729292950000000000000000
1629342929342929267293429340000000000000000
1634292929292929267292929340000000000000000
16293429293429292934292934280000000000000000
16342929292934292929292934340000000000000000
16293429342929293429342929340000000000000000
16342929292929292929292929340000000000000000
16293429293429342929342934280000000000000000
163429292929292929292929293434000000000000000
162934292934292934292934292934000000000000000
162929292929292929292929292929000000000000000
33429293429342934293429342929000000000000000
