332121212521212521212521212121212121212521212521212125212129
161822222222222182182182222222222229
3321029242924292924292429161623029242929242924292924321629
1622429292929292929292924161623029292929292929292429331629
33210293316161616161628291616183029281616161616162829281634
1622429161632333216162629161623029281616283216161024331634
33224293316292924262242916162302928162929292421029281629
162102916162924292422429161621029281629242924181029311634
332242933162929242622429161623029281628292924181024281629
16224291616303030182262916162302928162530301822629281634
3321029281621822224291616210292816222221029281629
1622429292429292924292924161623029242929292924292429281634
331810292928292929282929291616182529292929272929293429161629
331616161616161616161616161616161616161616161616161616161634
332116251625162516251625325211625325162516253251625211629
332222222222222222222222222182229
1621026262426242624262426251621824262426242624262424101629
332102924292929242929292416323029292429292924292929311634
16224292816161616331629291616183029281633161616332829281634
332242916161616161616282916162302928161616161633229311629
162102933162929242622429161621029281629292924181024281634
33224291616242929242262916162302928162924292422629281629
16224292816292429242242916162302928162829242921029281634
332102916161026103018242916162102928161010261021024281629
1622429331622222262916162302928162122221029281634
33224292929262426262429241616183029292926242624292429281629
1621029242929292429292429161621024292429292924292924331634
331616161616161616161616161616161616161616161616161616161629
331616161616161616161616161616161616161616161616161616161634
333333333333333333333333333333333333333333333333333333333333
