212929292929292929292929292929000000000000000
22934292934293429342929293429000000000000000
162929292929292929292929292929000000000000000
162929342929342929342934293434000000000000000
16342929292929292929292929280000000000000000
16342929342934293429293429340000000000000000
1629342929292929292929292950000000000000000
16342929293429293429293429340000000000000000
16293429292929292929292929340000000000000000
16342929342934292426293429340000000000000000
162934292929292926729292950000000000000000
1634292929293429267342929340000000000000000
16293429292929242626292934280000000000000000
163429293429247262929292950000000000000000
1629292929292472929342934330000000000000000
2292934293424726292934000000000000000000
1629292926267729292934000000000000000000
163429342477726292934000000000000000000
163429777242929342934000000000000000000
162929777262929293428000000000000000000
1634297772434292900000000000000000000
16292977262629342900000000000000000000
163429726342929293400000000000000000000
162929242629293428500000000000000000000
16342929292929290000000000000000000000
1629342934293400000000000000000000000
163429292929000000000000000000000000
16293429340000000000000000000000000
16342834280000000000000000000000000
000000000000000000000000000000
