332424242424242424242424243433292424293333333333292424343333
332424242929292929292929292833292424292833333333242424283333
332429242934929999299533292424242428333333292424293333
332424242933333333333333333333292424242429283333292424283333
332424242833333333333333333333292424242424242833242424293333
332424242924292429242928333333292424242424242924292424283333
332429242424292424292429333333292424292429242424242424343333
3324242429934992995333333292424292929242424242424283333
332424242934537553433333333292424293434292424242424293333
33242424283333333333333333333329242429333392924242924283333
33242924292828342828283428333329242429333353429242424293333
3324242424242424242424242434332924242933333359242424283333
333434293434293434342934293333342934343333333333343429343333
33923923937239239379533537993333333333937953333
333333333333333333333333333333333333333333333333333333333333
