333333333333333333333333333333333333333333333333333333333333
333333333333333333333333333333333333333333333333333333333333
333333333333333333333333333333333333333333333333333333333333
3333333333333333333333213213213213333333333333333333333
33333333333333333333321212121212121213333333333333333333333
333333333333333316212121212121212121212121212122313330223333
3333333333331633163212121212121212121212121222303125303333
3333333333212103233321212121212118222121222222222233333333
33333316162121211510161621212121221816162722221833333131
3333333212121212103333212121212218213333002222133332222
33163163333333332133332121212121163318302122222222222125
33162133333333331621333321212121211633222221182222222222213
3333331500003233333321212133325222222222222222221213333
3333330000010333333332133318222222222222222218213333
33100222222220002121331621212121212222222222103322222222
331003010103010152121213216163212121182102222303110251031
3310033333333331621212101533162121212121333122222233333333
333332333333333333161633163333331616163316333331313133333333
333333333333333333333333333333333333333333333333333333333333
333333333333333333333333333333333333333333333333333333333333
