333333333333333333333333333328333333333333333333333333333333
333333333333333333333333333311203333333333333333333333333333
333333333327283333333333333324273333333333333327283333333333
33333333331124333333333333332313333333333332811283333333333
333333333330302428333333242418302428333333242430313333333333
333333333318301128333333111118301128333333112418313333333333
33333333331821824113333181822183333241118182313333333333
333333333318182301128332222231332411181818333333333333
33333333333333222222222222181822533333333333333
332828333333162222222222222222533333328283333
3324243333333322222222222222182533333324113333
3310302531242722222221822222221825272430303333
332522211242222222222222222224113023333
3333331818301822216333333333333333333332182183031333333
33333325182221818333333333333333333333318182181833333333
33333333332223133333318181818181818333333332313333333333
33333333312182533333328252522218252828333325312833333333
3333331822253333332411333322216332424333333271133331919
3333332530182533333324112027313131272011243333332724113133
33333327132253333332411112433333324111111333333311830303333
33311333333162525252828282825311928283328252518313333333333
3313033333333222333333332182733333333222313333333333
3311933333333132833333333333331193333333333332713333333333
33127333333331931333333333333331933333333333319333333333333
3333333333333319133241133333333333333242433333312713193333
33333333333333128127202828333333282824203333333311273333
33333333333333331273333112433333324113333333333333333333333
333333333333333333283333282833333333283333333333333333333333
333333333333333333333333333333333333333333333333333333333333
333333333333333333333333333333333333333333333333333333333333
