333333333333333333332827333333333333333333333333333333333333333333332733333333333333333333
333333333333333333332711283333333333333333333333333333333333333333281128333333333333333333
333333333333333333242411242433333333333333333333333333333333333324241124243333333333333333
333333333333333328111111111133333333333333333333333333333333333311111111113333333333333333
333333333333333328112426241111243333333333333333333333333333241111242624113333333333333333
333333333333333328112426241111243333333333333333333333333333111124242624113333333333333333
333333333333333328112426262611243333333333333333333333333333112426262624113333333333333333
33333333333333333324242424242427333333333333333333333333335202424242424203333333333333333
333333333333333333332711111133332337333333333333333333333723332811111128333333333333333333
33333333333333333337282828283737233733333333333333333333372337232828285373333333333333333
333333333333333333233733333323232337333333333333333333333723233733333337233333333333333333
333333333333333333233737372323373333333333333333333333333333232337373723233333333333333333
333333333333333333232323232323373333333333333333333333333333232323232323233333333333333333
333333333333333333333333372323232323231633333333333337372323232323373333333333333333333333
333333333333333333331633373737373737371633333333333337373737373737161633333333333333333333
333333333333332323232323333333333333333723232323232316333333333333373723232323333333333333
333333333737372323233737333333333333371026232323232337373333333333333737232323371623333333
333333373723232323231633333333333316372411372323232323233333333333333337232323232323163333
333337262423232323232337373733333737232323232323232323233737333337373723352323232324233733
331623261123232323232323232333332323232323232323232323232323333323232323232323232311262333
332323241123232323232323232323373333333723232323232337333333232323232323232323232311262333
331623262423233737372323373723373333333737232323233716333333232337232337373737232324262333
332323232323233333333723163323231111112833372323373327111111373733162316333333232323232333
333326232337163333163723333337371111112428373737162724111111231633372337163333373723232633
332811232333333333232323333333331111111111333333281111111111333333162323233333331623262428
33281124243333333326371633333333282411202837373752824112028333333331627263333333324241128
332811111133333328112733333333333328112833372323373320112833333333333324113333332811111133
333333241133333333333333333333333333333737232323233723333333333333333333333333332811203333
333333202433333333333333333333333333333737232323233523333333333333333333333333332824273333
333333333333333333333333333333333333333333333333333333333333333333333333333333333333333333
