333333333333333333333333333333333333333333333333333333333333333333333333333333333333333333333333333333333333333333333333
333333333333333333333333333333333333333333333333333333333333333333333333333333333333333333333333333333333333333333333333
33333333333333333333333333333333333333333333211633333330303333333203333333321163333333333333333333333333333333333333333
3333333333333333333333333333333333333333333321163333330303333331003333333321163333333333333333333333333333333333333333
333333333333333333333333333333331621333333333333331621333321212116332121333333333333332121333333333333333333333333333333
33333333333333333333333333333333161632333333333333162132321625332332121333333333333331631333333333333333333333333333333
333333333333333333333333330303333333003333010331621003333331002121333301033100333333280323333333333333333333333
3333333333333333333333161632283333161032161021510321600161616300101610100151632101616333332321633333333333333333333
3333333333333333333333212133333316213333212121203233002121210033330021212116332121333333162133333333333333333333
3333333333333333333333333333333010333030192701033103019270003019303033320301910303333301033333333333333333333333333
3333333333333333333333333333280323330019190103330019190002719260333303019300333303033333333333333333333333333
333333333333010333333003316210000192033281925213333333333333321211920332819300002116331003333333301033333333
333333333333032333333300333321200019133281931213333333333333316251920333319260002115331003333333303233333333
3333333333333333333333212133332100002115332819283333331919192833333319203316210000211633162133333333333333333333
333333333333163333331615232322520303016163333133333333281133333333282833331610300025103215016163333163333333333
33333333333321163316210003019300191933333333333333333333333333333333333333333320190019270002213333211633333333
333333333333331616161600273030103228283333333333333333333333333333333333333333333328333126302726032161616163333333333
3333333333333316211633001927010333333333333333333333333333333333333333333333333333333330301930033332125333333333333
3333333333332115015213333030192833333333333333333333333333333333333333333333333333333333192703233162100211633333333
333333333333212021213333030192833333333333333333333333333333333333333333333333333333333202703233252100211633333333
33333333212133320323319190303333333333333333333333333333333333333333333333333333333333333333030193333030331621333333
33333333161633100103312010322833333333333333333333333333333333333333333333333333333333333331302720332800331616313233
3333300333321212100333333331928333333333333333333333333333333333333333333333333333333331920333333300212121313310033
33333232161616102001032333328333333333333333333333333333333333333333333333333333333333328333333100002161616103233
333333332125333200000333333333333333333333333333333333333333333333333333333333333333333333310000030331621163333
333333330021163330032332028333333333333333333333333333333333333333333333333333333333333333320283300333221150333333
333333330021163330033331920333333333333333333333333333333333333333333333333333333333333333319283330033332120323333
3333300333300211633003333333333333333333333333333333333333333333333333333333333333333333333320333321210103310033
333310303333021516333026333333333333333333333333333333333333333333333333333333333333333333333332263233152103233323033
3333333333332116331001919333333333333333333333333333333333333333333333333333333333333333333333328192603333211633333333
3333333333332116331001920333333333333333333333333333333333333333333333333333333333333333333333328192603333211633333333
3333333333332116331001919333333333333333333333333333333333333333333333333333333333333333333333328192603333213133333333
3333321033330151632323010333333333333333333333333333333333333333333333333333333333333333333333332303232161521033321033
3333300333300211633003333333333333333333333333333333333333333333333333333333333333333333333320333321210103310033
33333333002116331003333201333333333333333333333333333333333333333333333333333333333333333319283330033162100313333
333333330021323330033331913333333333333333333333333333333333333333333333333333333333333333192833300333321180323333
33333333211633320000033333333333333333333333333333333333333333333333333333333333333333333331000000331621333333
333333281615331000030103333333333333333333333333333333333333333333333333333333333333333333333323000030161610313233
3333300333321212100333333331928333333333333333333333333333333333333333333333333333333331920333333300212121163310033
333332321616161021032282832102833333333333333333333333333333333333333333333333333333333332833323128321002161616323233
33333333212533320323320190303333333333333333333333333333333333333333333333333333333333333333027193333030331621163333
3333333333162521015253333030203333333333333333333333333333333333333333333333333333333333201001033312100211633333333
33333333333321002213333030192833333333333333333333333333333333333333333333333333333333192701033162100213133333333
3333333333333316211633001927032333333333333333333333333333333333333333333333333333333330301930033332125333333333333
333333333333331615163300193026323333333333333333333333333333333333333333333333333333333326301926032332116333333333333
33333333333321163316210003019300191933333333333333333333333333333333333333333311900192700021213333211633333333
33333333333316333316160210102530030271633333328333333332828283333333328333333161027002510100010163333163333333333
3333333333333333333333212133332100002121332819333333331919192833333319203316210000211633162133333333333333333333
33333333333310283333333003316210000191332819311633333328283333161619203333193000021153310033333333103333333333
333333333333010333333003333212000192033281925213333333333333321211920332819300002116331003333333301033333333
333333333333333333333333333316010330019190323330020200002720300333302719260333301033333333333333333333333333
3333333333333333333333333333330323330019190103310019190003019300332803019300333301033333333333333333333333333
3333333333333333333333212133333316213333212121003133002121210033330021212116332121333333162133333333333333333333
3333333333333333333333161628333316163233161521530323300311615150321630300213132331631333333101633333333333333333333
333333333333333333333333330103333333003333010331621003333331002121333301033100333333280323333333333333333333333
333333333333333333333333333228333316103233333233331621103216161632322121333332333333101616333310333333333333333333333333
333333333333333333333333333333331621333333333333331621333321212116331521333333333333332121333333333333333333333333333333
3333333333333333333333333333333333333333333331633333315303333331030163333333163333333333333333333333333333333333333333
333333333333333333333333333333333333333333332116333333003333331003333333321163333333333333333333333333333333333333333
333333333333333333333333333333333333333333333333333333333333333333333333333333333333333333333333333333333333333333333333
