88888888888888888888888888888888888883388888888888888888888833
888888888888888888888888888888888883333333388888333333333333333333338888833
88888888888888888888888888888888888333333333333333333333333333333333333338888833
88888888888888888888888888888888888333333333333333333333333333333333333338888833
888888888888888888888888888888888833333333333333333333333333333333333333338888833
8888888888888888888888888888883333333333333333333333333333333333333333333333338888833
88888888888888888888888888888333333333333333333333333333333333333333333333333338888833
888888888888888888888888888833333333333333333333333333333333333333333333333333338888833
8888888888888883333333333333333333333333333333333333333333333333333333333333333333333333333338888833
88888888888333333333333333333333333333333333333333333333333333333333333333333333333333333333333338888833
8888888883333333333333333333333333333333333333333333333333333333333333333333333333333333333333333338888833
8888883333333333333333333333333333333333333333333333333333333333333333333333333333333333333333333333338888833
88888333333333333333333333333333333333333333333333333333333333333333333333333333333333333333333333333338888833
8888833333333333333333333333333333333333333333333333333333333333333333333333333333333333333333333333333888888
88888333333333333333333333333333333333333333333333333333333333333333333333333333333333333333333333333333388888
88888333333333333333333333333333333333333333333333333333333333333333333333333333333333333333333333333333388888
888883333333333333333333333333333333321213333331003333333303233333321213333333333333333333333333333333388888
88888333333333333333333333333333333331616333316101016161632103116333316163333333316333333333333333333333388888
88888333333333333333333333316163333333333331621163321212116331621333333333333331621333333333333333333333388888
888833333333333333333333333333101033331032331621153033161632301521333310323333303216333333333333333333333388888
8888333333333333333333333333331003333030331621003333333302213333030333203233333333333333333333333388888
8888333333333333333333333333331633152121003233300212121150103330021212131331621333333333333333333333388888
88883333333333333333333333331616332521212032333002121212032333002122132331621333333333333333333333388888
888833333333333333333333333333100191903033320271900026193003333026192703233333333333333333333333388888
88883333333333333333333333333330019193010283103120301030102010031281010193001033333333333333333333333388888
8888333333333333333333333333320019193333192521333333333333331621191933331927000333333333333333333333388888
888833333333333333333333333332003031333319116333328282828333316201933332518000333333333333333333333388888
888833333333333333333333333332002121333319203333332019192033333320193333210000333333333333333333333388888
8888333333333333333333333315000212133331928333333201919133333320193333212000333333333333333333333388888
888833333333333333333333332100022133331913333332019192033333320193333212000333333333333333333333388888
88883333333333333333333333000027193333192721333333333333331621191933331930000333333333333333333333388888
888833333333333333333333332100019193333203121313333333333333121120333319270030333333333333333333333388888
888833333333333333333333333033320191903033320271900030193002833026193003233333333333333333333333388888
88883333333333333333333333101610102525003210102730020303010103232022510103216333333333333333333333388888
8888333333333333333333333333211633162121210323310021212100323330021212116331621333333333333333333333388888
88883333333333333333333333331632103216003232160016163310015161032003332303216333333333333333333333388888
8888333333333333333333333333331003333030331621003333333202213333030333203233333333333333333333333388888
888833333333333333333333333321163333333333331621163315212116331621333333333333331621333333333333333333333388888
888833333333333333333333333321163333333333331621333321252116333121333333333333331621333333333333333333333388888
888883333333333333333333333333333333321213333331003333332801033333321213333333333333333333333333333333388888
88888333333333333333333333333333333331616333333323033333333302833333316163333333333333333333333333333333388888
88888333333333333333333333333333333333333333333333333333333333333333333333333333333333333333333333333333388888
88888333333333333333333333333333333333333333333333333333333333333333333333333333333333333333333333333333388888
8888883333333333333333333333333333333333333333333333333333333333333333333333333333333333333333333333333388888
33888883333333333333333333333333333333333333333333333333333333333333333333333333333333333333333333333333388888
3388888333333333333333333333333333333333333333333333333333333333333333333333333333333888888888888888
338888883333333333333333333333333333333333333388888883333333333333333333388888888888888888
3333888883333333333333333333333333333338888888888883333333333888888888888888888888
3333888883333333333333333333333338888888888888888333388888888888888888888888
33338888833333333333333333388888888888888888888888888888888888888888888
333388888833333333333333888888888888888888888888888888883333333333338888888
3333888888333333333333888888888888888888888888888888833333333333333338888888
833338888833333333333388888888888888888888888888888888888888338888888
8833888888888888888888888888888888888888888888888888888888888
888888888888888888888888888888888888888888888888888888888888
888888888888888888888888888888888888888888888888888888888888
888888888888888888888888888888888888888888888888888888888888
888888888888888888888888888888888888888888888888888888888888
888888888888888888888888888888888888888888888888888888888888
888888888888888888888888888888888888888888888888888888888888
