888888888888888888888888888888
888888888888888888888888888888
8888888888888888888888888338888
88888888888888888888888883333888
8888888888888888888888888833888
888888888833333333333333333388888888888
88888883333333333333333333333333333888888888
8888883333333333333333333333333333333388888888
88888333333333333212121212121213333333388888888
888883333333333162121212121212116163333338888888
8888833333333321212121212121212133333338888888
888888331616212121316161632121213163333888888
88888833162121212133333331621212121163333888888
88888833162121213316181818163335212133333888888
88888833162121213333222163321212133333888888
88888833162121213333218233333212133333888888
88888833162121211616252525161621212133333888888
8888883316212121213333333162121212133333888888
8888883333163212121161616321212116333333888888
888888333333321212121212121212133333338888888
88888833333333332121212121212116333333338888888
8888888333333332121212121212133333333338888888
8888888833333333333333333333333333888888888
8888888888333333333333333333338888888888
888888888888888888888888888888
888888888888888888888888888888
3388888888888888888888888888888
888888888888888888888888888888
888888888888888888888888888888
888888888888888888888888888888
