000000000000000000000000000000000000000000000
000000000000000000000000000000000000000000000
000000000000000000000000000000000000000000000
000000000000000000000000000000000000000000000
000000000000000000000000000000000000000000000
000000000000000000000000000000000000000000000
000000000000000000000000000000000000000000000
000000000000000000000000000000000000000000000
000000000000000000000000000000000000000000000
000000000000000000000000000000000000000000000
000000000000000000000000000000000000000000000
000000000000000000000000000000000000000000000
0000000000000000000000016333330000000000000000
00000000000000000000333333163333333000000000000000
000000000000000000003353321333333350000000000000
0000000000000000001616212133332133213331600000000000
000000000000000000316221332133333333300000000000
0000000000000000161621182116333253132132531181800000000000
000000000000000016321833213331253332531181800000000000
0000000000000000163333333213325313163331311818000000000
0000000000000000163213163163316163131316333111818000000000
0000000000000000163333333331633125332116333131311000000000
00000000000000003316333131312521313133316163333131000000000
00000000000000000032118218182333333333333311000000000
0000000000000000003131218251822525331633316161616000000000
0000000000000000001312183125222333332133333000000000
000000000000000000182218182525182313133321300000000000
00000000000000000018222225311818313132133300000000000
0000000000000000251822222222531325313130000000000000
0000000000000003318182182525252525252521163131160000000000000
000000000000003122221833333333332522180000000000000000
00000000000000332121211818313131313121212521163300000000000000
000000000000001633322222223333331310000000000000
000000000000003332118182222212133313131312513100000000000
0000000000000016321222222213321313125131313100000000000
00000000000000002522218218213333333333333331100000000000
0000000000000000311818222221161633333333333333100000000000
0000000000000000001822222233333131310000000000000
000000000000000000182182222161616163128310000000000000
00000000000000000018222182200000000000000000000
000000000000000016251822222200000000000000000000
000000000000000025182218222200000000000000000000
000000000000000025222221831000000000000000000000
000000000000000025182222231000000000000000000000
0000000000000000251822182231000000000000000000000
0000000000000000312518222231000000000000000000000
000000000000000000182218221300000000000000000000
00000000000000000018222221300000000000000000000
000000000000000000182182221300000000000000000000
000000000000000000182221831000000000000000000000
00000000000000000018222231000000000000000000000
00000000000000333333322133300000000000000000000
000000000000033163213212118182116300000000000000000000
00000000000333332118218221831000000000000000000000
00000000033163325252118222218250000000000000000000000
000000000163325312518222222500000000000000000000000
000000000333212518221821816000000000000000000000000
0000000001633211822222180000000000000000000000000
0000000000018182222133160000000000000000000000000
00000000000182218182116330000000000000000000000000
00000000016322221333000000000000000000000000000
000000000332121182132516000000000000000000000000000
000000000163333332531000000000000000000000000000
0000000003321332531313116160000000000000000000000000
00000000016333211625163330000000000000000000000000
000000000333333000163213161600000000000000000000000
000000000000160001633331600000000000000000000000
000000000000000000000000000000000000000000000
000000000000000000000000000000000000000000000
000000000000000000000000000000000000000000000
