000000000000000000000000000000000000000000000
000000000000000000000000000000000000000000000
000000000000000000000313131000000000000000000000
00000000000000000000013131000000000000000000000
000000000000000000031313119311310000000000000000000
0000000000000000000312531311931250000000000000000000
00000000000000000001818311252520000000000000000000
0000000000000000000252531193125250000000000000000000
000000000000000000013119313131310000000000000000000
000000000000000000013131311931190000000000000000000
000000000000000000013119313131310000000000000000000
000000000000000000018181825251250000000000000000000
00000000000000000001822183125310000000000000000000
0000000000000003333318218221820000000000000000000
00000000000033333316333182222220000000000000000000
0000000000003353332131822218220000000000000000000
0000000000331633321333212118182121210000000000000000000
00000000003332133333332213330000000000000000000
00000000001633333213131181821333331600000000000000000
000000000033213333253118183321333300000000000000000
00000000163182332131251311822213211821300000000000000000
0000000016318233213131252518221821211821300000000000000000
000000001631823211825312522221822533300000000000000000
000000001632121321182525252222222133300000000000000000
00000000163333211825311822222182133300000000000000000
0000000003333182122531181822181825253161600000000000000000
0000000000331822253118222218313130000000000000000000
00000000000022218182222221161600000000000000000000
0000000000001822222221821831600000000000000000000
0000000000001822222221831313330000000000000000000
000000000000222222221831313330000000000000000000
0000000000001822218218218313132130000000000000000000
00000000000031312222221831313330000000000000000000
000000000000033218222182313132130000000000000000000
00000000000003322222221825311630000000000000000000
00000000000003322222221818312530000000000000000000
00000000000003321822218222183100000000000000000000
0000000000000018182182222223100000000000000000000
000000000000000312222221823100000000000000000000
0000000000000001622218221831000000000000000000000
00000000000000031222222250000000000000000000000
00000000000000252522182218250000000000000000000000
000000000000033182222222250000000000000000000000
0000000000000332222222218181600000000000000000000
00000000000003322222222223100000000000000000000
000000000000033222222221822180000000000000000000
0000000000000025182222222222311600000000000000000
0000000000000003122182218222221800000000000000000
00000000000000016222218312518222200000000000000000
000000000000000312222183333221821800000000000000000
00000000000000031182182183333332522116316000000000000000
00000000000000031222218333333312213316000000000000000
000000000000000162222183333333122233000000000000000
0000000000000003122181821333333252221616000000000000000
0000000000000003118223332118222200000000000000000
00000000000000162522121333211822253100000000000000000
00000000000003322221321332118220000000000000000000
00000000000025252221821162121182220000000000000000000
00000000000022222223318218220000000000000000000
00000000163251822182231033332222130000000000000000000
000000001631821818181818160033182182130000000000000000000
00000033333181833316000332213330000000000000000000
0000003333321213316160003318213162516000000000000000000
00000033353213321160000033333253116300000000000000000
00000033333253131310000033325313131331616000000000000000
00000033321331313131000003331625313213316000000000000000
000000033333116162516333000033325312533333300000000000000
000000003325163333160000031631313321333160000000000000
000000000000000000000000000000000000000000000
000000000000000000000000000000000000000000000
