000000000000000000000000000000000000000000000
000000000000000000000000000000000000000000000
000000000000000000000000000000000000000000000
000000000000000000000000000000000000000000000
000000000000000000000000000000000000000000000
00000000000000000000000031131000000000000000000
000000000000000000000000313125000000000000000000
0000000000000000000000131193113110000000000000000
0000000000000000000000252531311925250000000000000000
000000000000000000000018183119311820000000000000000
0000000000000000000000252531313125250000000000000000
0000000000000000000000131193112510000000000000000
0000000000000000000000313131193131310000000000000000
0000000000000000000000125131251250000000000000000
00000000000000000000001821825311910000000000000000
000000000000000000000331822182531250000000000000000
0000000000000000001633351822222180000000000000000
0000000000000003316333333222182220000000000000000
000000000000000333332131822222180000000000000000
0000000000000161633321333212118212121210000000000000000
0000000000000333213333332118213330000000000000000
00000000000003333332131312211633333300000000000000
000000000000032133213331252182132132131600000000000000
00000000000163181833325313111821821318183300000000000000
00000000000163181832121311925252222121212116300000000000000
000000000001632183211825311822222182533300000000000000
0000000000016321213211825311822222182133300000000000000
000000000001633332118253118218222221321300000000000000
00000000000033321181822531182221818251630000000000000000
000000000000033222253118222225312530000000000000000
000000000000000222218221822213000000000000000000
000000000000000222222222182531600000000000000000
00000000000000018221822182181253330000000000000000
0000000000000002222222218313132130000000000000000
000000000000000182221822181831313330000000000000000
00000000000000016312222221831313330000000000000000
000000000000000016221822218312532130000000000000000
00000000000000003322222221825311630000000000000000
0000000000000000162222222225253130000000000000000
0000000000000000332218222182221600000000000000000
00000000000000003325182218222221600000000000000000
0000000000000000003122222222000000000000000000
0000000000000000003122221822531000000000000000000
00000000000000000031222222250000000000000000000
00000000000161631603325182218221818252525252525251600000000000
0000000000016333016222222222222222213160000000000
0000000031631313330332222222222222183212218000000000
00000001633131251621301625222222222182181821251822000000000
000000333332531163316333122218221822233331818222000000000
0000003321333131162121163331222218312531253131312222525000000000
0000003333213125331825333122218183333333333182222310000000000
00000033163333161632121825252118182253333163125181821163100000000000
000000316000163321182221318221833163212218316000000000000
0000000000000331822213212033333321321316000000000000
00000000000001632182213182003332116316316000000000000
00000000000000003322222033333313125100000000000000
000000000000000033212121252500321312531313100000000000000
0000000000000000333333300333313116333316000000000000
000000000000000001616160000163331163213331600000000000
000000000000000000000000000163332133160000000000
00000000000000000000000000003333333316000000000
0000000000000000000000000000033213333000000000
000000000000000000000000000000000000000000000
000000000000000000000000000000000000000000000
000000000000000000000000000000000000000000000
000000000000000000000000000000000000000000000
000000000000000000000000000000000000000000000
000000000000000000000000000000000000000000000
000000000000000000000000000000000000000000000
000000000000000000000000000000000000000000000
