000000000000000000000000000000000000000000000
000000000000000000000000000000000000000000000
000000000000000000000000000000000000000000000
000000000000000000000000000000000000000000000
000000000000000000000000000000000000000000000
000000000000000000000000000000000000000000000
000000000000000000000000000000000000000000000
000000000000000000000000000000000000000000000
000000000000000000000000000000000000000000000
000000000000000000000000000000000000000000000
000000000000000000000000000000000000000000000
000000000000000000331616161616000000000000000000000
00000000000000000016333316000000000000000000000
0000000000000003333332133333000000000000000000
00000000000000033332133333331600000000000000000
000000000000033182333332133213330000000000000000
00000000000033321212133211625333162521250000000000000000
000000000001632183333331313213253125180000000000000000
00000000000163212133213325312531316333125313100000000000000
0000000000016333333321333131316333131181800000000000000
000000000001633213213332531161631633311253100000000000000
0000000000016333333213313132131633313131100000000000000
000000000000018182182313316333333333313100000000000000
00000000000001821818231331633321331633313100000000000000
0000000000033311823125222333333333333300000000000000
0000000000031252182518182231312121212132133300000000000000
00000000000252222222222182182133321300000000000000
000000000332518225252221821822531313131163211825252531313133253100000
000000000311822313122222223113333251621181818182251313118183131000
0000000003122225311822222218181818181818182222253119312531131100
0000000001618182312522182182222222181822221825313112512512500
00000000000252222222222222222131822183131193125125125100
000000000003125252522222221822182213212125312513131192525131100
0000000000000001821822222222182533163333312512512183131000
000000000000000222222218222221213325313333333333313100000
0000000000000001822222222222222131825000000000000
0000000000000001822222221833251822321225000000000000
000000000000000222222218183331222316225000000000000
0000000000000001822222222533333316321800000000000000
000000000000001622222222183333331621182100000000000000
000000000000022222222222222223300000000000000
0000000000000182182221822182182221212125160000000000000
0000000000000182222222222222213182225000000000000
0000000000000182222222182222516252122225000000000000
00000000000001818222222221823133252221825000000000000
0000000000000033222218033333333311818221800000000000000
00000000000000018222233333333333121818181800000000000000
00000000000000018221823333332222130000000000000000
000000000000000182218251633321212118330000000000000000
0000000000000001822310163333332130000000000000000
0000000000000312518223103332131253116160000000000000000
0000000000000181822231016331625131000000000000000000
00000000033252518211622533003325311616253160000000000000000
0000000003122183212250001633131333330000000000000000
00001633322222333160000003332133213300000000000000
00003332122182221316160000000333333300000000000000
001633332118222183300000000003332133333000000000000
003325312533212121253116160000000000331616161616160000000000000
00333131313213330000000000000000000000000000000000
0033311625313131600000000000000000000000000000000000
0016333253131600000000000000000000000000000000000
001632133160000000000000000000000000000000000000
00163333160000000000000000000000000000000000000
00163321000000000000000000000000000000000000000
0016333000000000000000000000000000000000000000
00163213330000000000000000000000000000000000000
000161633316000000000000000000000000000000000000
0000333331600000000000000000000000000000000000
00000333300000000000000000000000000000000000000
000000000000000000000000000000000000000000000
