000000000000000000000000000000000000000000000
000000000000000000000000000000000000000000000
000000000000000000000000000000000000000000000
000000000000000000000000000000000000000000000
000000000000000000000000000000000000000000000
000000000000000000000000000000000000000000000
000000000000000000000000000000000000000000000
000000000000000000000000000000000000000000000
000000000000000000000000000000000000000000000
000000000000000000000000000000000000000000000
000000000000000000000000000000000000000000000
000000000000000000000000000000000000000000000
000000000000000000000000033333000000000000000
0000000000000000000000000333331600000000000000
0000000000000000000001633333333333300000000000
00000000000000000000331621333213213333300000000000
000000000000000000033321182133333321321333000000000
0000000000000000001616212125321321312533331252116000000000
0000000000000000003211821333316313132133131225000000000
00000000000000000033253332133251631163333325311800000000
000000000000000000333321333332531253333331252310000000
000000000000000000332133332116253133333331313100000000
00000000000000000033333213316313133333333112500000000
00000000000000000003333333213332133333333100000000
0000000000000000000332121212121252116333213316163100000000
000000000000000000016182218181825331633333333160000000
000000000000332525252525252522525182218333333213316331600000000
000000000000311818181821822253118222533163333300000000000
00000000000333252533333331221822221316331630000000000000
0000000000032116253133333316181818181818181616333210000000000000
00000000003322222222252512512512531252182181800000000000
00000000003322222222182525125131311251818221800000000000
00000000003322222218221825313119311931312525222225000000000
00000000000312522222222251313333333311182182225000000000
00000000000031222222222525333333333333311818221825000000000
000000000000033333318221825311131313131311818221800000000000
00000000000000001822183119312513131192522221800000000000
0000000000000000000332222218183100000000000000000
00000000000000000001622182218183100000000000000000
0000000000000000000332222233000000000000000000
00000000000000000016252218222116000000000000000000
000000000000000000182222218218000000000000000000
00000001616161616330000022218222225000000000000000000
00000001633331600000182222218218000000000000000000
0000033116213321160000018221822221818310000000000000000
00000333116333316000001818222218222250000000000000000
0003333331253213333300003322222221818181600000000000000
00033332131313321212116330033251822252522222000000000000000
0003335333131162118181822001822223301822221600000000000000
00161633331333212521222161622182531003131218225310000000000000
00332133330333212218321182231000033222220000000000000
00333163300331632118223211822310000332222180000000000000
00333160000032118223161822310000332182220000000000000
000000000000002521823300000000163333300000000000
000000000000003118182131600000000332121213300000000000
00000000000000003331600000000161818183300000000000
00000000000000001616163300000003125222161600000000000
00000000000000000000000000331822220000000000000
0000000000000000000000000252522231160000000000000
00000000000000000000000001822221600000000000000
000000000000000000000001632218213000000000000000
0000000000000000000000033181818213000000000000000
00000000000000000000016333333331600000000000000
000000000000000000000163332132516251600000000000000
0000000000000000000001632133162531313130000000000000
000000000000000000000016163253131312533161600000000000
00000000000000000000000333131333333300000000000
0000000000000000000000003303332132133300000000000
00000000000000000000000000333333321300000000000
000000000000000000000000000000000000000000000
