000000000000000000000000000000000000000000000
000000000000000000000000000000000000000000000
000000000000000000000000000000000000000000000
000000000000000000000000000000000000000000000
000000000000000000000000000000000000000000000
000000000000000000000000000000000000000000000
000000000000000000000000000000000000000000000
000000000000000000000000000000000000000000000
000000000000000000000000000000000000000000000
00000000000000000000003333351600000000000000000
0000000000000000000163316333331616331600000000000000
00000000000000000033333332133333300000000000000
0000000000000000016162121333332133331616000000000000
0000000000000000035212213213213332133316000000000000
00000000000000033221333316313133325251825000000000000
000000000000000321182133213325312133311225000000000000
00000000000000033333333332512533333312518310000000000
0000000000000003333161616321163131163333312518310000000000
00000000000000033211633333331625313213333331313100000000000
000000000000000161631631313121253331333161633311310000000000
00000000000000000321222218333333333333331310000000000
0000000000000002518211822218181821181818213161618313131312525310000
0000000000000001822222222222223332122531311182131000
0000000000000252222222221831252221821822252512531311931100
00000000000002122222221818182525222222218253119311251253100
00000000000163182222222231312222222218313131311931313112500
00000000000163181822182218252525182211822221813311312525251000
0000000000016322222222531182221321218222500031311818311000
000000000000332122182221825222525321211631163300003333000000
0000000000000252222222221831313330000000000000000
0000000000000002222222221818313130000000000000000
00000000000000018182222222218312530000000000000000
000000000000000033222222218223100000000000000000
000000000000000033222222221825000000000000000000
000000000000000033222221822250000000000000000000
000000000016161600312518221822218183131313131160000000000000
0000000003333300222222222222222233000000000000
0000001616313133333022222222222222213181825310000000000
00000033313132133301822222221822182182131822310000000000
0000163333253131333333322222222223133252222310000000000
0000333213162531321333332218221825181825313318221818310000000000
001633333325313131818333322222333333333331222218000000000000
003333211616161631163182313121212218333333163118221213131000000000000
001633300033332121222132122233333211818221300000000000000
000331633000016163182218321183116163332121163300000000000000
0000000000016318182183212160333333321300000000000000
0000000000000033182181823303321162531310000000000000000
00000000000000018181818181603316253131310000000000000000
0000000000000003331600031625313333300000000000000
00000000000000016163330001616313133213300000000000000
00000000000000000000000003333332133000000000000
000000000000000000000000001616333331600000000000
000000000000000000000000000163213333160000000000
000000000000000000000000000033033330000000000000
000000000000000000000000000000000000000000000
000000000000000000000000000000000000000000000
000000000000000000000000000000000000000000000
000000000000000000000000000000000000000000000
000000000000000000000000000000000000000000000
000000000000000000000000000000000000000000000
000000000000000000000000000000000000000000000
000000000000000000000000000000000000000000000
000000000000000000000000000000000000000000000
000000000000000000000000000000000000000000000
000000000000000000000000000000000000000000000
000000000000000000000000000000000000000000000
000000000000000000000000000000000000000000000
000000000000000000000000000000000000000000000
000000000000000000000000000000000000000000000
000000000000000000000000000000000000000000000
