000000000000000000000000000000000000000000000
000000000000000000000000000000000000000000000
000000000000000000000000000000000000000000000
000000000000000000000000000000000000000000000
000000000000000000000000000000000000000000000
000000000000000000000000000000000000000000000
000000000000000000000000000000000000000000000
000000000000000000000000000000000000000000000
000000000000000000000000000000000000000000000
000000000000000000000000000000000000000000000
000000000000000000000000000000000000000000000
00000000000000000033330000000000000000000000000
000000000000000003335335160000000000000000000000
00000000000003316161633333161616160000000000000000000
00000000000001633333213333330000000000000000000
00000000000016252121333332133213161600000000000000000
000000000000352118213213213333333300000000000000000
0000000000321182133331631313213312521800000000000000000
0000000000331821332133312516333131182500000000000000000
0000000000333333332133125313333331251831000000000000000
00000000003321332133325163116333331311831000000000000000
000000000033333332133131321333333131310000000000000000
0000000000331632121182121181825331633163333190000000000000000
00000000000333212222222533163333333310000000000000000
000000000003318182222183125183133333161616000000000000000
000000000003322222181831251831331632132116000000000000000
00000000001822221823125182531252213182222313113121810000000
00000000001822221818252518182518182121222222531253125253131000000
00000000001822182251222222218181822182253112531193131100000
000000000018222231331822218212121251822182531193112512512500000
000000000018222216331822222133322225312512531125125100000
000000000018222218252525162118181821321163331311251251825311000000
0000000000182218222313132118218333160331931313125181810000000
000000000003322222253133333000000000000000000000
00000000000332218222531321321213300000000000000000000
0000000000033222218218333211833335316000000000000000
000000000000311818222182525311822121333161600000000000000
0000000000000312222183131312522232133300000000000000
000000000000016221822183133331616213333163160000000000000
0000000000000312222222500033316016300000000000000
0000000000001818222182225000000000000000000000000
0000000000033221822221825000000000000000000000000
000000000003322222222218310000000000000000000000
00000000000332222222222250000000000000000000000
000000000003322222221821822000000000000000000000
0000000000003125222222222225310000000000000000000
000000000000031222222221821820000000000000000000
0000000000000312222183331222220000000000000000000
000000000000016221821833162221820000000000000000000
0000000000000312222183333333122130000000000000000000
000000000000031182221833333331221160000000000000000000
0000000000000312218218333333312220000000000000000000
0000000000000162222121331631252220000000000000000000
0000000000000312223332118222180000000000000000000
00000000000025252212133321182231160000000000000000000
000000000003318222133213211822000000000000000000000
00000000001818222181832118182182000000000000000000000
0000000000182222181816162221818000000000000000000000
00000016321222182216000222213000000000000000000000
00000331631822121211825330331621821213000000000000000000000
0000333331823331600033221333000000000000000000000
000033353212125331600003321213253116160000000000000000000
000033333333160000033316331311630000000000000000000
0000333332531313100000333253125163331600000000000000000
0000333213313131100000333162516321331600000000000000000
00000033311633331600000325313133333316000000000000000
0000003311616163161600000316116163161631616000000000000000
000000000000000000000000000000000000000000000
000000000000000000000000000000000000000000000
000000000000000000000000000000000000000000000
